<<<<<<< HEAD
2 4 5
Car 154 354 270 -2 1 0 0 0 255 0 0
Rocket 321 265 0 -2 0 0 0 0 255 0 0
Tree 210 295 90 0 0 0 0 0 255 0 0
Ice-Cream 270 360 270 0 0 0 0 0 255 0 0
Tree 420 421 90 2 0 0 0 0 255 0 0
=======
0 4 5
Person 449 200 270 0 0 0 0 0 255 0 0
Home 270 446 90 0 0 0 0 0 255 0 0
Car 401 400 0 2 0 0 0 0 255 0 0
Car 311 430 90 -2 0 0 0 0 255 0 0
Person 329 320 180 -2 0 0 0 0 255 0 0
Person 419 470 0 -1 0 0 0 0 255 0 0
Car 183 262 0 -1 1 0 0 0 255 0 0
>>>>>>> 2e413e41f881c1ed32bfa87234d777427b443a88
